positive/1714851593.3258507.jpg 1 0 0 586 373
positive/1714851594.4188948.jpg 1 586 373 60 76
positive/1714851605.3257904.jpg 1 625 341 142 129
positive/1714851607.1343355.jpg 1 627 340 137 127
positive/1714851608.3644426.jpg 1 624 345 143 125
positive/1714851612.8225198.jpg 1 558 480 123 132
positive/1714851618.7549517.jpg 1 564 270 101 89
positive/1714851619.205985.jpg 1 576 272 73 93
positive/1714851624.0257523.jpg 1 540 359 121 91
positive/1714851626.6519265.jpg 1 523 353 117 96
positive/1714851681.8127508.jpg 1 631 347 71 86
positive/1714851685.646449.jpg 1 597 242 72 91
positive/1714851689.4873908.jpg 1 576 236 173 232
positive/1714851692.2866333.jpg 1 178 548 269 201
positive/1714851692.7256274.jpg 1 138 526 315 196
positive/1714851696.7308762.jpg 1 499 284 208 221
positive/1714851697.3780258.jpg 1 492 279 216 230
positive/1714851725.3433983.jpg 1 497 324 204 170
positive/1714851725.6417706.jpg 1 503 322 190 149
positive/1714851726.6398373.jpg 1 498 326 195 144
positive/1714851728.9946468.jpg 1 644 248 118 67
positive/1714851731.4047132.jpg 1 645 245 101 79
positive/1714851735.374802.jpg 1 595 366 135 80
positive/1714851736.1549063.jpg 1 572 357 146 83
positive/1714851750.6993654.jpg 1 654 304 50 45
positive/1714851753.744514.jpg 1 506 289 56 34
positive/1714851754.5021157.jpg 1 509 291 53 25
positive/1714851754.9719388.jpg 1 503 295 62 34
positive/1714851759.3381755.jpg 1 591 310 39 31
positive/1714851760.7354805.jpg 1 576 322 58 34
positive/1714851767.3694267.jpg 1 653 336 87 68
positive/1714851780.55041.jpg 1 611 379 47 34
positive/1714851781.8681903.jpg 1 592 392 60 45
positive/1714851791.8567529.jpg 1 655 357 91 59
positive/1714851796.213432.jpg 1 543 377 70 50
positive/1714851797.6244047.jpg 1 557 375 57 50
positive/1714851800.2166266.jpg 1 574 375 55 34
positive/1714851809.6356041.jpg 1 527 340 61 25
positive/1714851810.960571.jpg 1 525 355 52 30
positive/1714851814.897456.jpg 1 592 400 106 78
positive/1714851818.2155468.jpg 1 574 353 58 34
positive/1714868078.4340465.jpg 1 464 233 289 334
positive/1714868084.1968343.jpg 1 560 350 157 167
positive/1714868088.5233564.jpg 1 556 270 157 164
positive/1714868091.3259904.jpg 1 622 297 123 134
positive/1714868101.764424.jpg 1 522 313 195 208
positive/1714868154.0321531.jpg 1 557 559 184 136
positive/1714868156.2223582.jpg 1 580 338 107 79
positive/1714868158.5991752.jpg 1 693 457 125 97
positive/1714868159.2736664.jpg 1 688 444 144 100
positive/1714868161.5573125.jpg 1 385 347 92 60
positive/1714868162.4443636.jpg 1 371 341 113 67
positive/1714868163.4777844.jpg 1 357 336 126 55
positive/1714868163.9304855.jpg 1 361 341 122 51
positive/1714868167.6146338.jpg 1 541 387 128 86
positive/1714868171.5373483.jpg 1 613 358 80 94
positive/1714868173.3541324.jpg 1 726 340 73 101
positive/1714868175.8720586.jpg 1 344 453 166 158
positive/1714868178.1767817.jpg 1 433 315 111 76
positive/1714868202.3867352.jpg 1 600 350 51 25
positive/1714868203.0408385.jpg 1 601 359 50 24
positive/1714868204.363787.jpg 1 599 347 53 35
positive/1714868208.6156828.jpg 1 567 329 57 46
positive/1714868225.148431.jpg 1 630 386 50 26
positive/1714868229.1241488.jpg 1 626 317 35 26
positive/1714868231.1124754.jpg 1 629 317 30 26
positive/1714868232.3914251.jpg 1 619 326 50 27
positive/1714868233.7746127.jpg 1 616 345 58 34
positive/1714868237.078806.jpg 1 371 372 177 101
positive/1714868240.681439.jpg 1 613 291 59 52
positive/1714868245.8619738.jpg 1 591 308 59 42
positive/1714868315.3553007.jpg 1 12 366 700 336
positive/1714868318.868278.jpg 1 14 346 721 372
positive/1714868322.7914238.jpg 1 544 374 156 80
positive/1714868324.0350025.jpg 1 540 373 153 78
positive/1714868324.7106202.jpg 1 541 378 162 71
positive/1714868325.4658065.jpg 1 540 375 170 78
positive/1714868331.0277376.jpg 1 361 336 403 186
positive/1714868332.5954058.jpg 1 408 333 320 181
positive/1714868333.6853817.jpg 1 354 336 410 193
positive/1714868336.781523.jpg 1 514 360 203 114
positive/1714868337.227484.jpg 1 526 363 207 123
positive/1714868342.5777915.jpg 1 531 375 180 171
positive/1714868343.6092927.jpg 1 557 379 149 171
positive/1714868346.4531615.jpg 1 437 349 232 205
positive/1714868347.1139786.jpg 1 441 382 232 166
positive/1714868347.5106416.jpg 1 436 373 229 163
positive/1714868350.0794148.jpg 1 505 384 187 128
positive/1714868353.4397833.jpg 1 495 383 202 170
positive/1714868353.732201.jpg 1 492 371 203 180
positive/1714868355.7762914.jpg 1 601 378 226 146
positive/1714868356.0679882.jpg 1 607 376 219 164
positive/1714868359.5094538.jpg 1 344 351 334 183
positive/1714868365.4827945.jpg 1 576 386 41 38
positive/1714868365.6789858.jpg 1 567 388 56 37
positive/1714868368.2938604.jpg 1 569 445 152 107
positive/1714868368.6675084.jpg 1 565 457 158 97
positive/1714868372.4019797.jpg 1 583 393 108 59
positive/1714868372.910756.jpg 1 590 390 100 61
positive/1714868378.4161575.jpg 1 545 383 65 46
positive/1714868383.131013.jpg 1 613 400 104 59
positive/1714868386.3824956.jpg 1 386 402 173 97
positive/1714868386.6299908.jpg 1 385 400 169 96
positive/1714868388.4938376.jpg 1 589 374 151 86
positive/1714868425.195297.jpg 1 494 339 256 157
positive/1714868427.7629888.jpg 1 456 362 181 123
positive/1714868431.378992.jpg 1 584 388 53 35
positive/1714868433.1390717.jpg 1 590 405 55 34
positive/1714868435.160409.jpg 1 560 408 58 32
positive/1714868437.168274.jpg 1 617 412 66 35
positive/1714868438.8465536.jpg 1 570 409 56 33
positive/1714868440.6674159.jpg 1 617 413 58 32
positive/1714868443.0409186.jpg 1 598 434 56 33
positive/1714868444.9746423.jpg 1 577 428 50 33
positive/1714868447.121862.jpg 1 598 431 44 44
positive/1714868448.981015.jpg 1 553 432 69 45
positive/1714868450.848817.jpg 1 607 406 65 43
positive/1714868453.8654065.jpg 1 511 419 66 41
positive/1714868455.5976284.jpg 1 558 395 59 33
positive/1714868457.6910856.jpg 1 575 368 69 49
positive/1714868460.179947.jpg 1 541 400 70 38
positive/1714868461.2723627.jpg 1 543 400 68 39
positive/1714868463.397876.jpg 1 577 397 59 38
positive/1714868463.865581.jpg 1 574 398 64 38
positive/1714868466.4312289.jpg 1 532 408 45 31
positive/1714868468.7939155.jpg 1 559 402 63 42
positive/1714868470.731909.jpg 1 540 396 66 39
